390,0.04498,0.031943
391,0.045045,0.031945
392,0.04511,0.031878
393,0.04517,0.031762
394,0.04523,0.031631
395,0.045295,0.031512
396,0.04536,0.031425
397,0.04542,0.031376
398,0.04548,0.031363
399,0.045545,0.031358
400,0.04561,0.03133
401,0.045671,0.031273
402,0.04573,0.031193
403,0.04579,0.031107
404,0.04585,0.031034
405,0.04591,0.030967
406,0.04597,0.030891
407,0.04603,0.0308
408,0.04609,0.030692
409,0.046149,0.030573
410,0.04621,0.030453
411,0.046276,0.030341
412,0.04634,0.030249
413,0.046395,0.030176
414,0.04645,0.030119
415,0.046515,0.030073
416,0.04658,0.030033
417,0.046635,0.029996
418,0.04669,0.029953
419,0.046754,0.029896
420,0.04682,0.029821
421,0.046881,0.029731
422,0.04694,0.029631
423,0.046999,0.029527
424,0.04706,0.029428
425,0.047121,0.029345
426,0.04718,0.029286
427,0.047234,0.029247
428,0.04729,0.029223
429,0.047354,0.02921
430,0.04742,0.029202
431,0.047481,0.029191
432,0.04754,0.029176
433,0.0476,0.029167
434,0.04766,0.029173
435,0.04772,0.029202
436,0.04778,0.029253
437,0.04784,0.029324
438,0.0479,0.029408
439,0.04796,0.029484
440,0.04802,0.029532
441,0.04808,0.029544
442,0.04814,0.029548
443,0.0482,0.029576
444,0.04826,0.029644
445,0.04832,0.029725
446,0.04838,0.02979
447,0.04844,0.029824
448,0.0485,0.029846
449,0.04856,0.029878
450,0.04862,0.029932
451,0.04868,0.02999
452,0.04874,0.030033
453,0.048799,0.030065
454,0.04886,0.030099
455,0.048925,0.030135
456,0.04899,0.030162
457,0.049051,0.030182
458,0.04911,0.030205
459,0.04917,0.030241
460,0.04923,0.030305
461,0.04929,0.030387
462,0.04935,0.030468
463,0.04941,0.030545
464,0.04947,0.030624
465,0.04953,0.03071
466,0.04959,0.030802
467,0.04965,0.030902
468,0.04971,0.03101
469,0.04977,0.03112
470,0.04983,0.031226
471,0.049889,0.031325
472,0.04995,0.031413
473,0.050016,0.031495
474,0.05008,0.031577
475,0.050135,0.031652
476,0.05019,0.031712
477,0.050254,0.031762
478,0.05032,0.031815
479,0.050381,0.031875
480,0.05044,0.031939
481,0.050501,0.032008
482,0.05056,0.032083
483,0.050615,0.032155
484,0.05068,0.032205
485,0.050771,0.032233
486,0.0509,0.032249
487,0.051075,0.032259
488,0.05129,0.032264
489,0.051539,0.032274
490,0.05182,0.032302
491,0.052134,0.03235
492,0.05249,0.032414
493,0.052892,0.032488
494,0.05331,0.032567
495,0.053719,0.032642
496,0.05415,0.032701
497,0.054639,0.032749
498,0.05519,0.0328
499,0.055803,0.032856
500,0.0565,0.032916
501,0.057305,0.032976
502,0.05822,0.033034
503,0.059231,0.033086
504,0.06029,0.033127
505,0.061388,0.033157
506,0.0627,0.033186
507,0.064355,0.033218
508,0.06611,0.033259
509,0.067706,0.033309
510,0.06919,0.033363
511,0.070705,0.033423
512,0.07247,0.033495
513,0.074615,0.033576
514,0.07685,0.033663
515,0.07886,0.033758
516,0.08065,0.033867
517,0.082332,0.033983
518,0.08413,0.03409
519,0.086189,0.034184
520,0.08822,0.034273
521,0.089927,0.034362
522,0.09143,0.034459
523,0.092907,0.034565
524,0.09435,0.034678
525,0.095732,0.034793
526,0.09713,0.034906
527,0.098576,0.035018
528,0.09981,0.035131
529,0.10062,0.035241
530,0.10126,0.035338
531,0.10201,0.035427
532,0.10271,0.035521
533,0.10315,0.035627
534,0.10343,0.035749
535,0.10371,0.035874
536,0.10405,0.035984
537,0.10444,0.036087
538,0.10477,0.036205
539,0.10494,0.036348
540,0.10496,0.036512
541,0.1049,0.036677
542,0.10487,0.036815
543,0.10494,0.036932
544,0.10506,0.037055
545,0.10513,0.037192
546,0.10511,0.037339
547,0.105,0.037492
548,0.10487,0.037642
549,0.10478,0.037788
550,0.10467,0.037933
551,0.10445,0.038075
552,0.10408,0.03821
553,0.10354,0.038326
554,0.10295,0.038411
555,0.10243,0.038476
556,0.10197,0.038544
557,0.1015,0.038617
558,0.10082,0.03869
559,0.099805,0.038762
560,0.09865,0.038836
561,0.097573,0.038899
562,0.09655,0.038933
563,0.09548,0.038929
564,0.09421,0.038888
565,0.092645,0.038813
566,0.09096,0.038705
567,0.089359,0.038576
568,0.08788,0.038439
569,0.086507,0.038294
570,0.08518,0.038129
571,0.083867,0.037936
572,0.08268,0.037711
573,0.081708,0.037463
574,0.0808,0.037203
575,0.079794,0.036929
576,0.07872,0.036628
577,0.077642,0.036296
578,0.07657,0.035933
579,0.07552,0.035548
580,0.07459,0.035161
581,0.073855,0.034777
582,0.07321,0.034399
583,0.07253,0.034025
584,0.07179,0.033652
585,0.07101,0.033282
586,0.07029,0.032917
587,0.069727,0.032553
588,0.06932,0.032182
589,0.069032,0.031796
590,0.06878,0.031391
591,0.06849,0.030979
592,0.06818,0.030576
593,0.067896,0.030194
594,0.0677,0.029839
595,0.067634,0.029506
596,0.06764,0.029184
597,0.067658,0.028878
598,0.06771,0.028604
599,0.067798,0.028361
600,0.06776,0.028137
601,0.067443,0.027915
602,0.06689,0.027681
603,0.066169,0.027446
604,0.06524,0.027232
605,0.064092,0.027061
606,0.06295,0.026919
607,0.06204,0.026777
608,0.06136,0.026629
609,0.060857,0.026488
610,0.0605,0.026376
611,0.060255,0.026297
612,0.06007,0.026241
613,0.059876,0.026176
614,0.05957,0.026093
615,0.059083,0.026001
616,0.05852,0.025924
617,0.058011,0.025867
618,0.05762,0.025821
619,0.057369,0.025771
620,0.05718,0.025711
621,0.056964,0.025647
622,0.05669,0.025585
623,0.056366,0.025528
624,0.0561,0.025473
625,0.055985,0.025416
626,0.05596,0.025356
627,0.055926,0.025297
628,0.05579,0.025245
629,0.055504,0.02521
630,0.05519,0.025183
631,0.054963,0.025154
632,0.05474,0.025121
633,0.054399,0.025086
634,0.05387,0.025055
635,0.05314,0.025027
636,0.05238,0.025002
637,0.051754,0.024974
638,0.05121,0.02494
639,0.050659,0.024898
640,0.05007,0.024856
641,0.049434,0.024816
642,0.04877,0.02478
643,0.048117,0.024747
644,0.04758,0.024709
645,0.047232,0.024663
646,0.04696,0.024616
647,0.046641,0.024575
648,0.04629,0.024546
649,0.045956,0.024525
650,0.04567,0.024487
651,0.045442,0.024423
652,0.04522,0.024355
653,0.044936,0.0243
654,0.04453,0.024261
655,0.04396,0.024236
656,0.04324,0.024212
657,0.042444,0.024183
658,0.04183,0.024156
659,0.041604,0.024134
660,0.04157,0.02412
661,0.041475,0.024113
662,0.04124,0.024117
663,0.04087,0.024131
664,0.04053,0.024148
665,0.040382,0.02417
666,0.04041,0.024209
667,0.040541,0.02427
668,0.04065,0.024347
669,0.040642,0.024435
670,0.0406,0.024536
671,0.04063,0.024652
672,0.04074,0.024781
673,0.040912,0.024919
674,0.04111,0.025059
675,0.041307,0.025197
676,0.04154,0.025324
677,0.041855,0.025435
678,0.04227,0.025532
679,0.042796,0.025626
680,0.04346,0.025723
681,0.044281,0.025818
682,0.04524,0.025898
683,0.046313,0.025954
684,0.04748,0.025992
685,0.048735,0.026025
686,0.05012,0.026063
687,0.051666,0.026092
688,0.05332,0.026086
689,0.055091,0.026023
690,0.05732,0.025916
691,0.060358,0.025789
692,0.06426,0.025666
693,0.068982,0.025546
694,0.07438,0.025415
695,0.080224,0.025263
696,0.08604,0.025095
697,0.091518,0.024919
698,0.09726,0.024746
699,0.10387,0.024574
700,0.11105,0.024397
701,0.11833,0.024209
702,0.12549,0.024014
703,0.13246,0.023819
704,0.13956,0.023644
705,0.14714,0.023502
706,0.15525,0.023377
707,0.16381,0.023247
708,0.17241,0.02311
709,0.18071,0.022973
710,0.18894,0.022848
711,0.19745,0.022745
712,0.20637,0.022653
713,0.21572,0.022558
714,0.22514,0.022459
715,0.23431,0.022357
716,0.24336,0.022259
717,0.25253,0.022173
718,0.26212,0.022092
719,0.27229,0.022013
720,0.28261,0.021938
721,0.29258,0.021871
722,0.30196,0.021807
723,0.31076,0.02174
724,0.31972,0.021675
725,0.32945,0.021617
726,0.33923,0.021554
727,0.34822,0.021476
728,0.35648,0.021391
729,0.36435,0.02131
730,0.37232,0.021239
731,0.3807,0.021181
732,0.38896,0.021131
733,0.39651,0.021078
734,0.40341,0.021019
735,0.40988,0.020957
736,0.41613,0.020908
737,0.42231,0.020883
738,0.42843,0.020869
739,0.43439,0.020848
740,0.43986,0.020812
741,0.44458,0.02076
742,0.44894,0.020711
743,0.45334,0.020681
744,0.45754,0.020664
745,0.46122,0.020648
746,0.4644,0.02064
747,0.46721,0.020647
748,0.46984,0.020657
749,0.47248,0.02066
750,0.47511,0.020651
751,0.47766,0.02063
752,0.48005,0.020601
753,0.48219,0.020568
754,0.48409,0.020536
755,0.48577,0.020507
756,0.48724,0.020479
757,0.48853,0.020451
758,0.4896,0.020422
759,0.49045,0.020392
760,0.4912,0.020362
761,0.49198,0.020332
762,0.49281,0.020302
763,0.49367,0.020271
764,0.49448,0.020241
765,0.49519,0.02021
766,0.49582,0.020178
767,0.49642,0.020146
768,0.49708,0.020115
769,0.49787,0.020084
770,0.49871,0.020053
771,0.49948,0.020021
772,0.50014,0.019987
773,0.50067,0.019953
774,0.50108,0.019926
775,0.50141,0.01991
776,0.50174,0.019907
777,0.50213,0.01991
778,0.50254,0.019911
779,0.50291,0.019908
780,0.50329,0.019903
781,0.5037,0.019897
782,0.50409,0.019893
783,0.50439,0.019889
784,0.50457,0.019886
785,0.50465,0.019883
786,0.50481,0.01988
787,0.50516,0.019877
788,0.50554,0.019874
789,0.50575,0.019871
790,0.50586,0.019868
791,0.50598,0.019865
792,0.50609,0.019863
793,0.50613,0.01986
794,0.50608,0.019858
795,0.50595,0.019856
796,0.50591,0.019855
797,0.50612,0.019853
798,0.50651,0.019852
799,0.50696,0.019852
800,0.50742,0.019851
801,0.50783,0.019851
802,0.5082,0.019851
803,0.50853,0.019851
804,0.50881,0.019851
805,0.50905,0.019851
806,0.50926,0.019851
807,0.50944,0.019851
808,0.5096,0.01985
809,0.50972,0.019849
810,0.50983,0.019848
811,0.50991,0.019846
812,0.50999,0.019845
813,0.51005,0.019843
814,0.5101,0.019841
815,0.51014,0.019839
816,0.51018,0.019837
817,0.51023,0.019834
818,0.51027,0.019831
819,0.51033,0.019829
820,0.51039,0.019826
821,0.51047,0.019823
822,0.51056,0.01982
823,0.51066,0.019817
824,0.51077,0.019813
825,0.51089,0.01981
826,0.51103,0.019807
827,0.51117,0.019803
828,0.51132,0.0198
829,0.51148,0.019797
830,0.51164,0.019793
831,0.51181,0.01979
832,0.51199,0.019787
833,0.51217,0.019783
834,0.51236,0.01978
835,0.51255,0.019777
836,0.51274,0.019774
837,0.51294,0.019771
838,0.51313,0.019768
839,0.51333,0.019765
840,0.51353,0.019763
841,0.51373,0.01976
842,0.51392,0.019758
843,0.51412,0.019756
844,0.51431,0.019754
845,0.5145,0.019752
846,0.51469,0.019751
847,0.51487,0.01975
848,0.51505,0.019748
849,0.51522,0.019748
850,0.51539,0.019747
851,0.51556,0.019747
852,0.51572,0.019747
853,0.51587,0.019747
854,0.51601,0.019747
855,0.51615,0.019748
856,0.51628,0.019749
857,0.51641,0.01975
858,0.51652,0.019752
859,0.51662,0.019753
860,0.51672,0.019755
861,0.51681,0.019757
862,0.51688,0.019759
863,0.51695,0.019761
864,0.517,0.019763
865,0.51705,0.019766
866,0.51709,0.019768
867,0.51712,0.019771
868,0.51714,0.019774
869,0.51715,0.019777
870,0.51716,0.01978
871,0.51716,0.019783
872,0.51715,0.019786
873,0.51714,0.019789
874,0.51711,0.019792
875,0.51709,0.019795
876,0.51705,0.019798
877,0.51701,0.019801
878,0.51697,0.019804
879,0.51692,0.019808
880,0.51686,0.019811
881,0.5168,0.019814
882,0.51673,0.019817
883,0.51667,0.01982
884,0.51659,0.019823
885,0.51652,0.019826
886,0.51644,0.019828
887,0.51637,0.019831
888,0.51629,0.019833
889,0.51621,0.019836
890,0.51613,0.019838
891,0.51605,0.01984
892,0.51597,0.019842
893,0.51589,0.019844
894,0.51582,0.019845
895,0.51575,0.019847
896,0.51568,0.019848
897,0.51561,0.019849
898,0.51555,0.01985
899,0.51549,0.01985
900,0.51544,0.019851
901,0.51539,0.019851
902,0.51535,0.019851
903,0.51531,0.019851
904,0.51527,0.01985
905,0.51524,0.019849
906,0.5152,0.019848
907,0.51516,0.019847
908,0.51512,0.019846
909,0.51507,0.019844
910,0.51502,0.019843
911,0.51496,0.019841
912,0.51489,0.019839
913,0.51481,0.019837
914,0.51473,0.019834
915,0.51463,0.019832
916,0.51451,0.019829
917,0.51438,0.019827
918,0.51424,0.019824
919,0.51408,0.019821
920,0.5139,0.019819
921,0.5137,0.019816
922,0.51348,0.019813
923,0.51324,0.01981
924,0.51297,0.019807
925,0.51267,0.019804
926,0.51234,0.019801
927,0.51199,0.019798
928,0.5116,0.019795
929,0.51117,0.019792
930,0.51071,0.019789
931,0.51021,0.019786
932,0.50966,0.019783
933,0.50908,0.01978
934,0.50844,0.019777
935,0.50777,0.019774
936,0.50704,0.019771
937,0.50626,0.019769
938,0.50543,0.019766
939,0.50454,0.019764
940,0.5036,0.019762
941,0.5026,0.019759
942,0.50155,0.019757
943,0.50045,0.019756
944,0.49932,0.019754
945,0.49816,0.019752
946,0.49697,0.019751
947,0.49577,0.01975
948,0.49456,0.019749
949,0.49335,0.019748
950,0.49214,0.019747
951,0.49095,0.019747
952,0.48978,0.019746
953,0.48863,0.019746
954,0.48752,0.019746
955,0.48646,0.019747
956,0.48544,0.019747
957,0.48447,0.019747
958,0.48357,0.019748
959,0.48274,0.019748
960,0.48199,0.019748
961,0.48132,0.019749
962,0.48073,0.019749
963,0.48022,0.019749
964,0.47979,0.01975
965,0.47942,0.01975
966,0.47912,0.01975
967,0.47888,0.019749
968,0.4787,0.019749
969,0.47858,0.019748
970,0.47851,0.019747
971,0.47849,0.019746
972,0.47851,0.019744
973,0.47858,0.019743
974,0.47868,0.019741
975,0.47881,0.019738
976,0.47897,0.019736
977,0.47917,0.019733
978,0.47938,0.019731
979,0.47961,0.019728
980,0.47986,0.019724
981,0.48012,0.019721
982,0.48039,0.019718
983,0.48068,0.019714
984,0.48097,0.01971
985,0.48128,0.019706
986,0.4816,0.019702
987,0.48194,0.019698
988,0.48228,0.019694
989,0.48264,0.01969
990,0.48301,0.019686
991,0.4834,0.019682
992,0.4838,0.019677
993,0.48421,0.019673
994,0.48463,0.019669
995,0.48507,0.019664
996,0.48552,0.01966
997,0.48598,0.019656
998,0.48646,0.019652
999,0.48695,0.019647
1000,0.48746,0.019643
1001,0.48798,0.019639
1002,0.48851,0.019635
1003,0.48906,0.019631
1004,0.48962,0.019628
1005,0.49018,0.019624
1006,0.49076,0.01962
1007,0.49135,0.019617
1008,0.49195,0.019613
1009,0.49255,0.01961
1010,0.49316,0.019606
1011,0.49377,0.019603
1012,0.4944,0.0196
1013,0.49502,0.019597
1014,0.49565,0.019594
1015,0.49628,0.019591
1016,0.49691,0.019588
1017,0.49754,0.019585
1018,0.49818,0.019583
1019,0.49881,0.01958
1020,0.49944,0.019577
1021,0.50007,0.019575
1022,0.50069,0.019572
1023,0.50132,0.01957
1024,0.50194,0.019568
1025,0.50257,0.019566
1026,0.50319,0.019564
1027,0.50381,0.019562
1028,0.50443,0.01956
1029,0.50506,0.019558
1030,0.50568,0.019556
1031,0.50631,0.019555
1032,0.50694,0.019553
1033,0.50757,0.019552
1034,0.50821,0.01955
1035,0.50885,0.019549
1036,0.50949,0.019548
1037,0.51014,0.019547
1038,0.51079,0.019546
1039,0.51145,0.019545
1040,0.51211,0.019544
1041,0.51278,0.019543
1042,0.51345,0.019542
1043,0.51412,0.019542
1044,0.5148,0.019541
1045,0.51547,0.019541
1046,0.51614,0.01954
1047,0.5168,0.01954
1048,0.51745,0.01954
1049,0.51809,0.01954
1050,0.51871,0.01954
1051,0.51932,0.01954
1052,0.51992,0.01954
1053,0.52049,0.01954
1054,0.52104,0.01954
1055,0.52157,0.019541
1056,0.52207,0.019541
1057,0.52255,0.019541
1058,0.52299,0.019541
1059,0.5234,0.01954
1060,0.52378,0.01954
1061,0.52412,0.019539
1062,0.52442,0.019538
1063,0.52469,0.019537
1064,0.52493,0.019536
1065,0.52513,0.019535
1066,0.5253,0.019533
1067,0.52544,0.019531
1068,0.52555,0.019529
1069,0.52563,0.019527
1070,0.52568,0.019525
1071,0.52571,0.019523
1072,0.5257,0.01952
1073,0.52568,0.019518
1074,0.52562,0.019515
1075,0.52555,0.019512
1076,0.52545,0.01951
1077,0.52533,0.019507
1078,0.52519,0.019504
1079,0.52503,0.019501
1080,0.52485,0.019497
1081,0.52465,0.019494
1082,0.52444,0.019491
1083,0.52421,0.019488
1084,0.52397,0.019485
1085,0.52372,0.019481
1086,0.52346,0.019478
1087,0.52319,0.019475
1088,0.52291,0.019472
1089,0.52263,0.019468
1090,0.52234,0.019465
1091,0.52205,0.019462
1092,0.52177,0.019459
1093,0.52148,0.019456
1094,0.5212,0.019453
1095,0.52092,0.01945
1096,0.52065,0.019447
1097,0.52039,0.019444
1098,0.52013,0.019442
1099,0.51989,0.019439
1100,0.51966,0.019436
1101,0.51944,0.019434
1102,0.51923,0.019432
1103,0.51902,0.01943
1104,0.51879,0.019428
1105,0.51854,0.019426
1106,0.51826,0.019424
1107,0.51795,0.019422
1108,0.51758,0.019421
1109,0.51716,0.019419
1110,0.51667,0.019418
1111,0.51611,0.019416
1112,0.51547,0.019415
1113,0.51473,0.019414
1114,0.51389,0.019412
1115,0.51294,0.019411
1116,0.51187,0.01941
1117,0.51068,0.019409
1118,0.50935,0.019408
1119,0.50787,0.019407
1120,0.50624,0.019407
1121,0.50445,0.019406
1122,0.50251,0.019405
1123,0.50043,0.019404
1124,0.49824,0.019404
1125,0.49594,0.019403
1126,0.49354,0.019402
1127,0.49107,0.019402
1128,0.48853,0.019401
1129,0.48594,0.019401
1130,0.48332,0.0194
1131,0.48068,0.019399
1132,0.47802,0.019399
1133,0.47538,0.019398
1134,0.47275,0.019398
1135,0.47016,0.019397
1136,0.46762,0.019397
1137,0.46515,0.019396
1138,0.46275,0.019395
1139,0.46044,0.019395
1140,0.45824,0.019394
1141,0.45616,0.019393
1142,0.45419,0.019393
1143,0.45233,0.019392
1144,0.45057,0.019391
1145,0.44891,0.01939
1146,0.44735,0.019389
1147,0.44587,0.019388
1148,0.44448,0.019387
1149,0.44317,0.019386
1150,0.44192,0.019385
1151,0.44075,0.019384
1152,0.43963,0.019382
1153,0.43858,0.019381
1154,0.43757,0.01938
1155,0.43661,0.019378
1156,0.43569,0.019377
1157,0.43481,0.019375
1158,0.43395,0.019373
1159,0.43312,0.019372
1160,0.43231,0.01937
1161,0.43151,0.019369
1162,0.43073,0.019367
1163,0.42997,0.019365
1164,0.42923,0.019364
1165,0.4285,0.019362
1166,0.4278,0.01936
1167,0.42713,0.019358
1168,0.42648,0.019357
1169,0.42585,0.019355
1170,0.42526,0.019354
1171,0.4247,0.019352
1172,0.42417,0.01935
1173,0.42367,0.019349
1174,0.42321,0.019347
1175,0.42279,0.019346
1176,0.42241,0.019345
1177,0.42207,0.019343
1178,0.42177,0.019342
1179,0.42152,0.019341
1180,0.42131,0.01934
1181,0.42115,0.019339
1182,0.42104,0.019338
1183,0.42097,0.019337
1184,0.42094,0.019336
1185,0.42095,0.019335
1186,0.421,0.019335
1187,0.42108,0.019334
1188,0.4212,0.019334
1189,0.42135,0.019333
1190,0.42154,0.019333
1191,0.42174,0.019333
1192,0.42198,0.019333
1193,0.42224,0.019333
1194,0.42251,0.019334
1195,0.42281,0.019334
1196,0.42313,0.019334
1197,0.42346,0.019334
1198,0.42381,0.019334
1199,0.42416,0.019334
1200,0.42453,0.019333
1201,0.4249,0.019333
1202,0.42528,0.019332
1203,0.42567,0.019331
1204,0.42607,0.01933
1205,0.42647,0.019329
1206,0.42688,0.019327
1207,0.42729,0.019326
1208,0.42771,0.019324
1209,0.42814,0.019322
1210,0.42857,0.01932
1211,0.429,0.019318
1212,0.42945,0.019316
1213,0.42989,0.019314
1214,0.43034,0.019311
1215,0.4308,0.019309
1216,0.43126,0.019306
1217,0.43172,0.019304
1218,0.43219,0.019301
1219,0.43266,0.019298
1220,0.43314,0.019295
1221,0.43362,0.019292
1222,0.4341,0.01929
1223,0.43458,0.019287
1224,0.43507,0.019284
1225,0.43556,0.019281
1226,0.43604,0.019278
1227,0.43653,0.019275
1228,0.43702,0.019272
1229,0.4375,0.019269
1230,0.43798,0.019267
1231,0.43847,0.019264
1232,0.43894,0.019261
1233,0.43942,0.019259
1234,0.43989,0.019256
1235,0.44036,0.019253
1236,0.44082,0.019251
1237,0.44127,0.019249
1238,0.44172,0.019246
1239,0.44216,0.019244
1240,0.4426,0.019242
1241,0.44303,0.01924
1242,0.44345,0.019239
1243,0.44385,0.019237
1244,0.44425,0.019236
1245,0.44463,0.019234
1246,0.445,0.019233
1247,0.44535,0.019232
1248,0.44568,0.019231
1249,0.446,0.019231
1250,0.44629,0.01923
1251,0.44657,0.01923
1252,0.44682,0.01923
1253,0.44704,0.01923
1254,0.44724,0.01923
1255,0.44742,0.01923
1256,0.44756,0.01923
1257,0.44768,0.01923
1258,0.44776,0.01923
1259,0.44781,0.01923
1260,0.44783,0.01923
1261,0.44781,0.019229
1262,0.44776,0.019228
1263,0.44768,0.019227
1264,0.44756,0.019226
1265,0.4474,0.019225
1266,0.44722,0.019224
1267,0.447,0.019222
1268,0.44674,0.01922
1269,0.44646,0.019219
1270,0.44615,0.019217
1271,0.4458,0.019215
1272,0.44543,0.019212
1273,0.44502,0.01921
1274,0.44458,0.019208
1275,0.44412,0.019205
1276,0.44362,0.019203
1277,0.4431,0.0192
1278,0.44255,0.019198
1279,0.44197,0.019195
1280,0.44137,0.019192
1281,0.44074,0.019189
1282,0.44008,0.019186
1283,0.43939,0.019183
1284,0.43867,0.01918
1285,0.43791,0.019177
1286,0.43712,0.019174
1287,0.43629,0.01917
1288,0.43543,0.019167
1289,0.43452,0.019164
1290,0.43358,0.019161
1291,0.43259,0.019157
1292,0.43155,0.019154
1293,0.43047,0.019151
1294,0.42934,0.019147
1295,0.42816,0.019144
1296,0.42693,0.019141
1297,0.42565,0.019137
1298,0.42431,0.019134
1299,0.42291,0.019131
1300,0.42146,0.019128
1301,0.41995,0.019124
1302,0.41838,0.019121
1303,0.41675,0.019118
1304,0.41508,0.019115
1305,0.41335,0.019112
1306,0.41158,0.019109
1307,0.40976,0.019106
1308,0.40791,0.019103
1309,0.40601,0.0191
1310,0.40408,0.019097
1311,0.40212,0.019094
1312,0.40012,0.019092
1313,0.3981,0.019089
1314,0.39605,0.019086
1315,0.39399,0.019083
1316,0.3919,0.019081
1317,0.38979,0.019078
1318,0.38767,0.019076
1319,0.38554,0.019073
1320,0.3834,0.019071
1321,0.38125,0.019068
1322,0.3791,0.019066
1323,0.37696,0.019064
1324,0.37481,0.019062
1325,0.37267,0.019059
1326,0.37054,0.019057
1327,0.36843,0.019055
1328,0.36633,0.019053
1329,0.36425,0.019051
1330,0.3622,0.019049
1331,0.36017,0.019048
1332,0.35817,0.019046
1333,0.3562,0.019044
1334,0.35427,0.019042
1335,0.35238,0.019041
1336,0.35053,0.019039
1337,0.34873,0.019038
1338,0.34698,0.019037
1339,0.34528,0.019035
1340,0.34363,0.019034
1341,0.34204,0.019033
1342,0.3405,0.019032
1343,0.33899,0.01903
1344,0.33749,0.019029
1345,0.33601,0.019029
1346,0.33452,0.019028
1347,0.333,0.019027
1348,0.33145,0.019026
1349,0.32986,0.019026
1350,0.32821,0.019025
1351,0.32648,0.019024
1352,0.32466,0.019024
1353,0.32275,0.019024
1354,0.32072,0.019023
1355,0.31857,0.019023
1356,0.31627,0.019023
1357,0.31383,0.019023
1358,0.31122,0.019023
1359,0.30842,0.019023
1360,0.30544,0.019023
1361,0.30225,0.019023
1362,0.29887,0.019023
1363,0.29531,0.019023
1364,0.29157,0.019023
1365,0.28767,0.019024
1366,0.28362,0.019024
1367,0.27943,0.019024
1368,0.27511,0.019024
1369,0.27067,0.019025
1370,0.26613,0.019025
1371,0.26148,0.019025
1372,0.25676,0.019026
1373,0.25195,0.019026
1374,0.24709,0.019026
1375,0.24217,0.019027
1376,0.23721,0.019027
1377,0.23221,0.019027
1378,0.2272,0.019028
1379,0.22218,0.019028
1380,0.21716,0.019028
1381,0.21215,0.019028
1382,0.20717,0.019029
1383,0.20222,0.019029
1384,0.19731,0.019029
1385,0.19246,0.019029
1386,0.18767,0.019029
1387,0.18295,0.019029
1388,0.17832,0.019029
1389,0.17378,0.019029
1390,0.16935,0.019029
1391,0.16504,0.019029
1392,0.16085,0.019029
1393,0.15679,0.019029
1394,0.15288,0.019028
1395,0.14913,0.019028
1396,0.14555,0.019027
1397,0.14214,0.019027
1398,0.13892,0.019026
1399,0.1359,0.019026
1400,0.13308,0.019025
1401,0.13048,0.019024
1402,0.12809,0.019023
1403,0.12589,0.019022
1404,0.12388,0.019021
1405,0.12205,0.01902
1406,0.12038,0.019019
1407,0.11886,0.019017
1408,0.11749,0.019016
1409,0.11625,0.019015
1410,0.11514,0.019013
1411,0.11414,0.019012
1412,0.11324,0.01901
1413,0.11243,0.019008
1414,0.1117,0.019007
1415,0.11104,0.019005
1416,0.11043,0.019003
1417,0.10988,0.019001
1418,0.10937,0.018999
1419,0.10888,0.018997
1420,0.10841,0.018995
1421,0.10795,0.018993
1422,0.10749,0.018991
1423,0.10705,0.018989
1424,0.10661,0.018986
1425,0.10618,0.018984
1426,0.10576,0.018982
1427,0.10535,0.01898
1428,0.10496,0.018977
1429,0.10457,0.018975
1430,0.10421,0.018972
1431,0.10385,0.01897
1432,0.10351,0.018968
1433,0.10319,0.018965
1434,0.10289,0.018963
1435,0.1026,0.01896
1436,0.10233,0.018958
1437,0.10209,0.018955
1438,0.10186,0.018953
1439,0.10165,0.01895
1440,0.10147,0.018948
1441,0.10131,0.018945
1442,0.10117,0.018943
1443,0.10106,0.01894
1444,0.10098,0.018937
1445,0.10092,0.018935
1446,0.10089,0.018932
1447,0.10089,0.01893
1448,0.10093,0.018927
1449,0.10099,0.018925
1450,0.10108,0.018923
1451,0.10121,0.01892
1452,0.10137,0.018918
1453,0.10157,0.018915
1454,0.1018,0.018913
1455,0.10207,0.018911
1456,0.10238,0.018908
1457,0.10272,0.018906
1458,0.10311,0.018904
1459,0.10354,0.018901
1460,0.10401,0.018899
1461,0.10452,0.018897
1462,0.10508,0.018894
1463,0.10567,0.018892
1464,0.1063,0.01889
1465,0.10697,0.018888
1466,0.10766,0.018886
1467,0.10839,0.018883
1468,0.10915,0.018881
1469,0.10993,0.018879
1470,0.11074,0.018877
1471,0.11157,0.018875
1472,0.11243,0.018873
1473,0.1133,0.018871
1474,0.11418,0.018869
1475,0.11508,0.018867
1476,0.116,0.018865
1477,0.11692,0.018863
1478,0.11785,0.018861
1479,0.11879,0.018859
1480,0.11973,0.018857
1481,0.12067,0.018855
1482,0.12162,0.018853
1483,0.12257,0.018851
1484,0.12351,0.018849
1485,0.12446,0.018847
1486,0.12541,0.018845
1487,0.12636,0.018843
1488,0.12731,0.018842
1489,0.12826,0.01884
1490,0.1292,0.018838
1491,0.13015,0.018836
1492,0.13109,0.018834
1493,0.13203,0.018833
1494,0.13297,0.018831
1495,0.13391,0.018829
1496,0.13484,0.018827
1497,0.13577,0.018825
1498,0.1367,0.018824
1499,0.13762,0.018822
1500,0.13854,0.01882
1501,0.13945,0.018819
1502,0.14036,0.018817
1503,0.14127,0.018815
1504,0.14218,0.018814
1505,0.14308,0.018812
1506,0.14399,0.01881
1507,0.1449,0.018809
1508,0.1458,0.018807
1509,0.14672,0.018805
1510,0.14764,0.018804
1511,0.14856,0.018802
1512,0.14949,0.0188
1513,0.15043,0.018799
1514,0.15137,0.018797
1515,0.15233,0.018795
1516,0.1533,0.018794
1517,0.15427,0.018792
1518,0.15527,0.01879
1519,0.15627,0.018788
1520,0.15729,0.018787
1521,0.15833,0.018785
1522,0.15937,0.018783
1523,0.16044,0.018781
1524,0.16151,0.018779
1525,0.16259,0.018778
1526,0.16368,0.018776
1527,0.16478,0.018774
1528,0.16588,0.018772
1529,0.16699,0.01877
1530,0.16809,0.018768
1531,0.1692,0.018766
1532,0.1703,0.018764
1533,0.1714,0.018762
1534,0.1725,0.018759
1535,0.17359,0.018757
1536,0.17467,0.018755
1537,0.17574,0.018753
1538,0.1768,0.01875
1539,0.17785,0.018748
1540,0.17888,0.018745
1541,0.1799,0.018743
1542,0.1809,0.01874
1543,0.18188,0.018738
1544,0.18286,0.018735
1545,0.18381,0.018733
1546,0.18475,0.01873
1547,0.18568,0.018727
1548,0.1866,0.018724
1549,0.1875,0.018721
1550,0.18838,0.018718
1551,0.18926,0.018715
1552,0.19012,0.018712
1553,0.19097,0.018709
1554,0.19181,0.018706
1555,0.19264,0.018703
1556,0.19346,0.018699
1557,0.19427,0.018696
1558,0.19507,0.018693
1559,0.19585,0.018689
1560,0.19663,0.018686
1561,0.1974,0.018683
1562,0.19816,0.018679
1563,0.19891,0.018676
1564,0.19966,0.018673
1565,0.20039,0.018669
1566,0.20112,0.018666
1567,0.20185,0.018663
1568,0.20257,0.01866
1569,0.20329,0.018657
1570,0.204,0.018653
1571,0.20471,0.01865
1572,0.20541,0.018647
1573,0.20612,0.018645
1574,0.20682,0.018642
1575,0.20752,0.018639
1576,0.20822,0.018636
1577,0.20892,0.018634
1578,0.20962,0.018631
1579,0.21032,0.018629
1580,0.21102,0.018627
1581,0.21172,0.018625
1582,0.21243,0.018623
1583,0.21314,0.018621
1584,0.21385,0.018619
1585,0.21456,0.018618
1586,0.21528,0.018616
1587,0.216,0.018615
1588,0.21671,0.018614
1589,0.21744,0.018613
1590,0.21816,0.018612
1591,0.21888,0.018612
1592,0.21961,0.018612
1593,0.22034,0.018611
1594,0.22107,0.018611
1595,0.2218,0.018612
1596,0.22254,0.018612
1597,0.22328,0.018613
1598,0.22402,0.018614
1599,0.22476,0.018615
1600,0.2255,0.018616
1601,0.22624,0.018618
1602,0.22699,0.01862
1603,0.22774,0.018622
1604,0.22848,0.018624
1605,0.22922,0.018627
1606,0.22997,0.018629
1607,0.2307,0.018632
1608,0.23144,0.018635
1609,0.23216,0.018638
1610,0.23289,0.018641
1611,0.2336,0.018644
1612,0.23431,0.018647
1613,0.235,0.01865
1614,0.23569,0.018654
1615,0.23637,0.018657
1616,0.23704,0.01866
1617,0.23769,0.018663
1618,0.23833,0.018666
1619,0.23896,0.018669
1620,0.23957,0.018672
1621,0.24017,0.018674
1622,0.24075,0.018677
1623,0.24131,0.018679
1624,0.24186,0.018681
1625,0.2424,0.018683
1626,0.24292,0.018685
1627,0.24343,0.018687
1628,0.24393,0.018688
1629,0.24441,0.018689
1630,0.24488,0.01869
1631,0.24535,0.018691
1632,0.24579,0.018691
1633,0.24623,0.01869
1634,0.24666,0.01869
1635,0.24708,0.018689
1636,0.24749,0.018687
1637,0.24789,0.018686
1638,0.24828,0.018683
1639,0.24866,0.018681
1640,0.24904,0.018678
1641,0.24941,0.018674
1642,0.24977,0.01867
1643,0.25012,0.018666
1644,0.25047,0.01866
1645,0.25081,0.018655
1646,0.25115,0.018648
1647,0.25148,0.018641
1648,0.2518,0.018633
1649,0.25212,0.018625
1650,0.25243,0.018616
1651,0.25274,0.018606
1652,0.25304,0.018596
1653,0.25333,0.018586
1654,0.25363,0.018576
1655,0.25391,0.018565
1656,0.2542,0.018555
1657,0.25448,0.018544
1658,0.25475,0.018534
1659,0.25502,0.018524
1660,0.25529,0.018515
1661,0.25555,0.018507
1662,0.25582,0.018499
1663,0.25607,0.018492
1664,0.25633,0.018486
1665,0.25658,0.01848
1666,0.25682,0.018475
1667,0.25706,0.018471
1668,0.2573,0.018467
1669,0.25754,0.018464
1670,0.25776,0.018462
1671,0.25799,0.01846
1672,0.25821,0.018458
1673,0.25842,0.018457
1674,0.25863,0.018457
1675,0.25883,0.018457
1676,0.25903,0.018457
1677,0.25923,0.018457
1678,0.25941,0.018458
1679,0.25959,0.018459
1680,0.25977,0.018461
1681,0.25994,0.018463
1682,0.2601,0.018465
1683,0.26025,0.018467
1684,0.26039,0.01847
1685,0.26052,0.018472
1686,0.26062,0.018475
1687,0.26071,0.018478
1688,0.26078,0.018481
1689,0.26083,0.018484
1690,0.26086,0.018487
1691,0.26085,0.01849
1692,0.26082,0.018493
1693,0.26076,0.018496
1694,0.26066,0.018499
1695,0.26054,0.018502
1696,0.26037,0.018505
1697,0.26017,0.018508
1698,0.25992,0.01851
1699,0.25963,0.018513
1700,0.2593,0.018515
1701,0.25892,0.018517
1702,0.2585,0.018518
1703,0.25805,0.01852
1704,0.25756,0.018521
1705,0.25706,0.018522
1706,0.25653,0.018523
1707,0.25599,0.018524
1708,0.25545,0.018524
1709,0.2549,0.018524
1710,0.25436,0.018524
1711,0.25383,0.018524
1712,0.25331,0.018524
1713,0.25282,0.018523
1714,0.25235,0.018522
1715,0.25192,0.018522
1716,0.25153,0.01852
1717,0.25118,0.018519
1718,0.25088,0.018518
1719,0.25064,0.018516
1720,0.25046,0.018515
1721,0.25035,0.018513
1722,0.25029,0.018511
1723,0.25029,0.018509
1724,0.25033,0.018506
1725,0.2504,0.018504
1726,0.25051,0.018501
1727,0.25063,0.018499
1728,0.25076,0.018496
1729,0.25089,0.018493
1730,0.25102,0.01849
1731,0.25113,0.018487
1732,0.25122,0.018484
1733,0.25128,0.01848
1734,0.2513,0.018477
1735,0.25128,0.018474
1736,0.2512,0.01847
1737,0.25105,0.018466
1738,0.25084,0.018463
1739,0.25054,0.018459
1740,0.25016,0.018455
1741,0.24968,0.018451
1742,0.24912,0.018447
1743,0.24849,0.018443
1744,0.24778,0.018439
1745,0.24703,0.018435
1746,0.24622,0.01843
1747,0.24539,0.018426
1748,0.24453,0.018422
1749,0.24365,0.018418
1750,0.24277,0.018413
1751,0.2419,0.018409
1752,0.24104,0.018405
1753,0.24021,0.0184
1754,0.23942,0.018396
1755,0.23868,0.018391
1756,0.23799,0.018387
1757,0.23737,0.018383
1758,0.23683,0.018378
1759,0.23638,0.018374
1760,0.23602,0.018369
1761,0.23577,0.018365
1762,0.23562,0.01836
1763,0.23556,0.018356
1764,0.23558,0.018351
1765,0.23566,0.018347
1766,0.23581,0.018342
1767,0.23601,0.018338
1768,0.23625,0.018334
1769,0.23651,0.018329
1770,0.2368,0.018325
1771,0.2371,0.01832
1772,0.23741,0.018316
1773,0.2377,0.018312
1774,0.23798,0.018307
1775,0.23822,0.018303
1776,0.23843,0.018299
1777,0.23859,0.018295
1778,0.2387,0.01829
1779,0.23874,0.018286
1780,0.2387,0.018282
1781,0.23858,0.018278
1782,0.23837,0.018274
1783,0.23809,0.01827
1784,0.23773,0.018266
1785,0.2373,0.018262
1786,0.23681,0.018258
1787,0.23626,0.018255
1788,0.23564,0.018251
1789,0.23497,0.018247
1790,0.23426,0.018244
1791,0.23349,0.01824
1792,0.23269,0.018237
1793,0.23185,0.018233
1794,0.23097,0.01823
1795,0.23007,0.018226
1796,0.22914,0.018223
1797,0.22818,0.01822
1798,0.22721,0.018217
1799,0.22623,0.018214
1800,0.22524,0.018211
1801,0.22424,0.018208
1802,0.22323,0.018205
1803,0.2222,0.018203
1804,0.22115,0.0182
1805,0.22006,0.018197
1806,0.21893,0.018195
1807,0.21775,0.018192
1808,0.21652,0.01819
1809,0.21523,0.018188
1810,0.21387,0.018186
1811,0.21243,0.018183
1812,0.21091,0.018181
1813,0.2093,0.018179
1814,0.2076,0.018177
1815,0.20579,0.018175
1816,0.20387,0.018173
1817,0.20184,0.018171
1818,0.19967,0.018169
1819,0.19738,0.018167
1820,0.19495,0.018165
1821,0.19237,0.018164
1822,0.18966,0.018162
1823,0.18682,0.01816
1824,0.18385,0.018158
1825,0.18078,0.018157
1826,0.17759,0.018155
1827,0.17431,0.018153
1828,0.17094,0.018151
1829,0.16749,0.01815
1830,0.16396,0.018148
1831,0.16037,0.018146
1832,0.15672,0.018145
1833,0.15303,0.018143
1834,0.14929,0.018141
1835,0.14552,0.018139
1836,0.14172,0.018138
1837,0.1379,0.018136
1838,0.13408,0.018134
1839,0.13026,0.018132
1840,0.12644,0.01813
1841,0.12264,0.018129
1842,0.11886,0.018127
1843,0.11511,0.018125
1844,0.11139,0.018123
1845,0.10772,0.018121
1846,0.1041,0.018119
1847,0.10054,0.018117
1848,0.097039,0.018115
1849,0.093611,0.018112
1850,0.090263,0.01811
1851,0.087,0.018108
1852,0.083829,0.018105
1853,0.080759,0.018103
1854,0.077795,0.018101
1855,0.074945,0.018098
1856,0.072216,0.018096
1857,0.069615,0.018093
1858,0.067149,0.01809
1859,0.064825,0.018087
1860,0.06265,0.018085
1861,0.060629,0.018082
1862,0.058757,0.018079
1863,0.057028,0.018076
1864,0.055434,0.018073
1865,0.053969,0.01807
1866,0.052625,0.018066
1867,0.051395,0.018063
1868,0.050274,0.01806
1869,0.049253,0.018056
1870,0.048327,0.018053
1871,0.047487,0.018049
1872,0.046727,0.018045
1873,0.04604,0.018042
1874,0.04542,0.018038
1875,0.044859,0.018034
1876,0.04435,0.01803
1877,0.043887,0.018026
1878,0.043462,0.018022
1879,0.043069,0.018018
1880,0.0427,0.018013
1881,0.04235,0.018009
1882,0.042018,0.018005
1883,0.041703,0.018
1884,0.041405,0.017995
1885,0.041124,0.017991
1886,0.04086,0.017986
1887,0.040612,0.017981
1888,0.04038,0.017976
1889,0.040163,0.017971
1890,0.039963,0.017966
1891,0.039777,0.017961
1892,0.039607,0.017955
1893,0.039452,0.01795
1894,0.039311,0.017944
1895,0.039184,0.017939
1896,0.039072,0.017933
1897,0.038974,0.017927
1898,0.038889,0.017921
1899,0.038818,0.017915
1900,0.03876,0.017909
1901,0.038715,0.017903
1902,0.038683,0.017896
1903,0.038663,0.01789
1904,0.038656,0.017883
1905,0.038662,0.017877
1906,0.038679,0.01787
1907,0.038709,0.017864
1908,0.038751,0.017857
1909,0.038805,0.017851
1910,0.038871,0.017844
1911,0.038948,0.017837
1912,0.039037,0.017831
1913,0.039138,0.017824
1914,0.039249,0.017818
1915,0.039372,0.017811
1916,0.039506,0.017805
1917,0.039651,0.017799
1918,0.039807,0.017793
1919,0.039973,0.017787
1920,0.04015,0.017781
1921,0.040337,0.017775
1922,0.040535,0.01777
1923,0.040741,0.017764
1924,0.040957,0.017759
1925,0.041182,0.017754
1926,0.041414,0.017749
1927,0.041655,0.017744
1928,0.041902,0.017739
1929,0.042157,0.017735
1930,0.042418,0.017731
1931,0.042685,0.017727
1932,0.042957,0.017724
1933,0.043235,0.017721
1934,0.043517,0.017718
1935,0.043803,0.017716
1936,0.044093,0.017714
1937,0.044386,0.017713
1938,0.044682,0.017711
1939,0.04498,0.01771
1940,0.04528,0.01771
1941,0.045582,0.017709
1942,0.045886,0.017709
1943,0.046192,0.017709
1944,0.046501,0.017709
1945,0.046814,0.017709
1946,0.047131,0.017708
1947,0.047453,0.017708
1948,0.047779,0.017708
1949,0.048112,0.017708
1950,0.04845,0.017707
1951,0.048795,0.017706
1952,0.049148,0.017705
1953,0.049508,0.017704
1954,0.049876,0.017702
1955,0.050254,0.0177
1956,0.05064,0.017698
1957,0.051036,0.017695
1958,0.051443,0.017692
1959,0.051861,0.017688
1960,0.05229,0.017684
1961,0.052731,0.01768
1962,0.053183,0.017675
1963,0.053644,0.01767
1964,0.054115,0.017665
1965,0.054594,0.01766
1966,0.05508,0.017654
1967,0.055572,0.017648
1968,0.05607,0.017642
1969,0.056572,0.017636
1970,0.057077,0.01763
1971,0.057584,0.017623
1972,0.058093,0.017617
1973,0.058603,0.01761
1974,0.059111,0.017603
1975,0.059619,0.017596
1976,0.060124,0.017589
1977,0.060625,0.017582
1978,0.061122,0.017574
1979,0.061614,0.017567
1980,0.0621,0.017559
1981,0.062579,0.017552
1982,0.063051,0.017544
1983,0.063517,0.017536
1984,0.063978,0.017528
1985,0.064435,0.017521
1986,0.064887,0.017513
1987,0.065337,0.017505
1988,0.065784,0.017497
1989,0.066229,0.017489
1990,0.066672,0.017482
1991,0.067116,0.017474
1992,0.067559,0.017467
1993,0.068003,0.017459
1994,0.068449,0.017452
1995,0.068896,0.017444
1996,0.069347,0.017437
1997,0.069801,0.01743
1998,0.070259,0.017423
1999,0.070722,0.017416
2000,0.07119,0.017409
2001,0.071664,0.017403
2002,0.072144,0.017396
2003,0.072628,0.01739
2004,0.073115,0.017384
2005,0.073605,0.017378
2006,0.074098,0.017372
2007,0.074591,0.017367
2008,0.075084,0.017361
2009,0.075577,0.017356
2010,0.076069,0.01735
2011,0.076558,0.017345
2012,0.077044,0.01734
2013,0.077526,0.017335
2014,0.078004,0.017331
2015,0.078475,0.017326
2016,0.078941,0.017321
2017,0.079399,0.017317
2018,0.079848,0.017313
2019,0.080289,0.017308
2020,0.08072,0.017304
2021,0.08114,0.0173
2022,0.08155,0.017296
2023,0.08195,0.017292
2024,0.082339,0.017289
2025,0.082719,0.017285
2026,0.083089,0.017281
2027,0.08345,0.017278
2028,0.083801,0.017274
2029,0.084143,0.017271
2030,0.084476,0.017268
2031,0.0848,0.017265
2032,0.085116,0.017261
2033,0.085424,0.017258
2034,0.085723,0.017255
2035,0.086015,0.017252
2036,0.086298,0.017249
2037,0.086575,0.017246
2038,0.086843,0.017243
2039,0.087105,0.017241
2040,0.08736,0.017238
2041,0.087608,0.017235
2042,0.087851,0.017232
2043,0.08809,0.017229
2044,0.088326,0.017227
2045,0.088561,0.017224
2046,0.088797,0.017221
2047,0.089034,0.017219
2048,0.089274,0.017216
2049,0.089518,0.017214
2050,0.089768,0.017211
2051,0.090025,0.017208
2052,0.090291,0.017206
2053,0.090566,0.017203
2054,0.090853,0.0172
2055,0.091153,0.017198
2056,0.091467,0.017195
2057,0.091796,0.017192
2058,0.092142,0.01719
2059,0.092506,0.017187
2060,0.09289,0.017184
2061,0.093294,0.017181
2062,0.093717,0.017179
2063,0.094156,0.017176
2064,0.094609,0.017173
2065,0.095073,0.01717
2066,0.095545,0.017167
2067,0.096024,0.017164
2068,0.096506,0.017161
2069,0.096989,0.017157
2070,0.097471,0.017154
2071,0.09795,0.017151
2072,0.098422,0.017148
2073,0.098886,0.017144
2074,0.099338,0.017141
2075,0.099777,0.017137
2076,0.1002,0.017133
2077,0.1006,0.01713
2078,0.10099,0.017126
2079,0.10135,0.017122
2080,0.10168,0.017118
2081,0.10199,0.017114
2082,0.10227,0.01711
2083,0.10252,0.017105
2084,0.10276,0.017101
2085,0.10298,0.017096
2086,0.10318,0.017092
2087,0.10337,0.017087
2088,0.10354,0.017082
2089,0.10371,0.017077
2090,0.10388,0.017072
2091,0.10404,0.017067
2092,0.1042,0.017061
2093,0.10437,0.017056
2094,0.10453,0.01705
2095,0.10471,0.017044
2096,0.1049,0.017038
2097,0.10509,0.017032
2098,0.10531,0.017026
2099,0.10554,0.01702
2100,0.10579,0.017013
2101,0.10606,0.017006
2102,0.10636,0.017
2103,0.10667,0.016993
2104,0.107,0.016985
2105,0.10735,0.016978
2106,0.10772,0.016971
2107,0.10809,0.016963
2108,0.10848,0.016956
2109,0.10888,0.016948
2110,0.10929,0.01694
2111,0.1097,0.016932
2112,0.11012,0.016924
2113,0.11055,0.016916
2114,0.11098,0.016908
2115,0.1114,0.016899
2116,0.11183,0.016891
2117,0.11225,0.016883
2118,0.11268,0.016874
2119,0.11309,0.016866
2120,0.1135,0.016857
2121,0.1139,0.016849
2122,0.11429,0.01684
2123,0.11467,0.016832
2124,0.11505,0.016823
2125,0.11541,0.016815
2126,0.11577,0.016806
2127,0.11611,0.016797
2128,0.11645,0.016789
2129,0.11677,0.01678
2130,0.11708,0.016772
2131,0.11738,0.016764
2132,0.11768,0.016755
2133,0.11795,0.016747
2134,0.11822,0.016739
2135,0.11848,0.01673
2136,0.11872,0.016722
2137,0.11895,0.016714
2138,0.11917,0.016706
2139,0.11938,0.016698
2140,0.11957,0.016691
2141,0.11975,0.016683
2142,0.11992,0.016676
2143,0.12007,0.016668
2144,0.12022,0.016661
2145,0.12036,0.016654
2146,0.12049,0.016647
2147,0.12062,0.01664
2148,0.12075,0.016633
2149,0.12087,0.016627
2150,0.12099,0.016621
2151,0.12112,0.016614
2152,0.12124,0.016608
2153,0.12137,0.016602
2154,0.1215,0.016597
2155,0.12164,0.016591
2156,0.12179,0.016585
2157,0.12194,0.01658
2158,0.12211,0.016575
2159,0.12229,0.01657
2160,0.12248,0.016565
2161,0.12269,0.01656
2162,0.1229,0.016555
2163,0.12313,0.01655
2164,0.12338,0.016545
2165,0.12362,0.016541
2166,0.12388,0.016536
2167,0.12414,0.016531
2168,0.1244,0.016527
2169,0.12467,0.016522
2170,0.12493,0.016517
2171,0.1252,0.016513
2172,0.12546,0.016508
2173,0.12572,0.016503
2174,0.12597,0.016498
2175,0.12621,0.016494
2176,0.12644,0.016489
2177,0.12667,0.016484
2178,0.12687,0.016479
2179,0.12707,0.016473
2180,0.12725,0.016468
2181,0.12741,0.016463
2182,0.12756,0.016457
2183,0.12768,0.016452
2184,0.12779,0.016446
2185,0.12789,0.01644
2186,0.12796,0.016434
2187,0.12802,0.016428
2188,0.12805,0.016422
2189,0.12807,0.016415
2190,0.12807,0.016409
2191,0.12806,0.016402
2192,0.12802,0.016395
2193,0.12797,0.016387
2194,0.12789,0.016379
2195,0.1278,0.016371
2196,0.12769,0.016363
2197,0.12756,0.016354
2198,0.12741,0.016345
2199,0.12724,0.016336
2200,0.12705,0.016327
2201,0.12684,0.016317
2202,0.12662,0.016308
2203,0.12638,0.016298
2204,0.12612,0.016288
2205,0.12585,0.016279
2206,0.12558,0.016269
2207,0.12529,0.016259
2208,0.125,0.01625
2209,0.1247,0.016241
2210,0.1244,0.016232
2211,0.1241,0.016223
2212,0.12379,0.016215
2213,0.1235,0.016206
2214,0.1232,0.016199
2215,0.12291,0.016191
2216,0.12263,0.016184
2217,0.12236,0.016178
2218,0.1221,0.016171
2219,0.12186,0.016165
2220,0.12163,0.01616
2221,0.12142,0.016154
2222,0.12122,0.016149
2223,0.12104,0.016144
2224,0.12086,0.01614
2225,0.1207,0.016135
2226,0.12055,0.016131
2227,0.1204,0.016127
2228,0.12026,0.016123
2229,0.12012,0.016119
2230,0.11999,0.016115
2231,0.11985,0.016111
2232,0.11971,0.016107
2233,0.11957,0.016104
2234,0.11942,0.0161
2235,0.11927,0.016097
2236,0.1191,0.016093
2237,0.11893,0.01609
2238,0.11874,0.016086
2239,0.11854,0.016082
2240,0.11832,0.016079
2241,0.11809,0.016075
2242,0.11783,0.016072
2243,0.11757,0.016068
2244,0.11729,0.016064
2245,0.11699,0.01606
2246,0.11669,0.016055
2247,0.11637,0.016051
2248,0.11605,0.016046
2249,0.11572,0.016042
2250,0.11538,0.016037
2251,0.11504,0.016032
2252,0.11469,0.016026
2253,0.11435,0.016021
2254,0.114,0.016015
2255,0.11365,0.01601
2256,0.1133,0.016003
2257,0.11295,0.015997
2258,0.11261,0.015991
2259,0.11227,0.015984
2260,0.11194,0.015977
2261,0.11162,0.01597
2262,0.1113,0.015963
2263,0.11099,0.015956
2264,0.11068,0.015949
2265,0.11038,0.015941
2266,0.11007,0.015934
2267,0.10977,0.015926
2268,0.10947,0.015918
2269,0.10917,0.01591
2270,0.10887,0.015902
2271,0.10856,0.015894
2272,0.10825,0.015886
2273,0.10793,0.015878
2274,0.10761,0.01587
2275,0.10728,0.015861
2276,0.10694,0.015853
2277,0.10659,0.015845
2278,0.10623,0.015836
2279,0.10586,0.015828
2280,0.10547,0.015819
2281,0.10507,0.01581
2282,0.10466,0.015802
2283,0.10423,0.015793
2284,0.1038,0.015785
2285,0.10335,0.015776
2286,0.1029,0.015767
2287,0.10244,0.015759
2288,0.10197,0.01575
2289,0.10149,0.015742
2290,0.10101,0.015733
2291,0.10053,0.015725
2292,0.10004,0.015717
2293,0.099552,0.015708
2294,0.099062,0.0157
2295,0.098572,0.015692
2296,0.098083,0.015684
2297,0.097596,0.015676
2298,0.097113,0.015668
2299,0.096634,0.01566
2300,0.09616,0.015653
2301,0.095692,0.015645
2302,0.09523,0.015637
2303,0.094775,0.01563
2304,0.094326,0.015623
2305,0.093883,0.015615
2306,0.093446,0.015608
2307,0.093015,0.015601
2308,0.09259,0.015594
2309,0.092172,0.015587
2310,0.09176,0.01558
2311,0.091353,0.015573
2312,0.090953,0.015566
2313,0.090559,0.01556
2314,0.090171,0.015553
2315,0.089789,0.015546
2316,0.089413,0.015539
2317,0.089043,0.015533
2318,0.08868,0.015526
2319,0.088322,0.015519
2320,0.08797,0.015512
2321,0.087624,0.015506
2322,0.087283,0.015499
2323,0.086947,0.015492
2324,0.086615,0.015485
2325,0.086286,0.015478
2326,0.085959,0.015471
2327,0.085634,0.015464
2328,0.085309,0.015457
2329,0.084985,0.01545
2330,0.084661,0.015442
2331,0.084335,0.015435
2332,0.084007,0.015428
2333,0.083677,0.01542
2334,0.083343,0.015413
2335,0.083006,0.015405
2336,0.082663,0.015397
2337,0.082315,0.015389
2338,0.08196,0.015381
2339,0.081599,0.015373
2340,0.08123,0.015364
2341,0.080853,0.015356
2342,0.080467,0.015347
2343,0.080074,0.015338
2344,0.079674,0.015329
2345,0.079267,0.01532
2346,0.078853,0.01531
2347,0.078433,0.015301
2348,0.078007,0.015291
2349,0.077576,0.015281
2350,0.07714,0.015271
2351,0.076699,0.01526
2352,0.076253,0.01525
2353,0.075804,0.015239
2354,0.075351,0.015228
2355,0.074895,0.015217
2356,0.074436,0.015206
2357,0.073975,0.015194
2358,0.073512,0.015183
2359,0.073046,0.015171
2360,0.07258,0.015159
2361,0.072113,0.015147
2362,0.071644,0.015135
2363,0.071176,0.015123
2364,0.070707,0.015111
2365,0.070239,0.015098
2366,0.069771,0.015086
2367,0.069304,0.015074
2368,0.068837,0.015061
2369,0.068373,0.015049
2370,0.067909,0.015036
2371,0.067448,0.015024
2372,0.066989,0.015011
2373,0.066532,0.014999
2374,0.066079,0.014986
2375,0.065628,0.014974
2376,0.06518,0.014962
2377,0.064737,0.014949
2378,0.064297,0.014937
2379,0.063861,0.014925
2380,0.06343,0.014913
2381,0.063004,0.014901
2382,0.062582,0.014889
2383,0.062164,0.014877
2384,0.061751,0.014865
2385,0.061342,0.014854
2386,0.060936,0.014843
2387,0.060534,0.014831
2388,0.060136,0.01482
2389,0.05974,0.01481
2390,0.059348,0.014799
2391,0.058958,0.014789
2392,0.058571,0.014778
2393,0.058186,0.014768
2394,0.057803,0.014759
2395,0.057423,0.014749
2396,0.057043,0.01474
2397,0.056666,0.014731
2398,0.05629,0.014722
2399,0.055914,0.014713
2400,0.05554,0.014705
2401,0.055166,0.014697
2402,0.054794,0.01469
2403,0.054424,0.014682
2404,0.054055,0.014675
2405,0.053689,0.014668
2406,0.053327,0.014662
2407,0.052968,0.014655
2408,0.052613,0.014648
2409,0.052263,0.014642
2410,0.051918,0.014636
2411,0.051578,0.01463
2412,0.051245,0.014623
2413,0.050919,0.014617
2414,0.050599,0.014611
2415,0.050287,0.014605
2416,0.049984,0.014598
2417,0.049689,0.014592
2418,0.049403,0.014586
2419,0.049126,0.014579
2420,0.04886,0.014572
2421,0.048604,0.014565
2422,0.048359,0.014558
2423,0.048123,0.014551
2424,0.047898,0.014543
2425,0.047681,0.014535
2426,0.047474,0.014526
2427,0.047275,0.014518
2428,0.047085,0.014508
2429,0.046903,0.014499
2430,0.046729,0.014488
2431,0.046562,0.014478
2432,0.046403,0.014467
2433,0.04625,0.014455
2434,0.046104,0.014442
2435,0.045965,0.014429
2436,0.045831,0.014416
2437,0.045703,0.014401
2438,0.04558,0.014386
2439,0.045463,0.01437
2440,0.04535,0.014353
2441,0.045242,0.014336
2442,0.045138,0.014317
2443,0.045038,0.014298
2444,0.044943,0.014278
2445,0.044851,0.014257
2446,0.044764,0.014235
2447,0.044681,0.014213
2448,0.044602,0.01419
2449,0.044526,0.014165
2450,0.044455,0.01414
2451,0.044387,0.014115
2452,0.044322,0.014088
2453,0.044262,0.01406
2454,0.044204,0.014032
2455,0.04415,0.014003
2456,0.0441,0.013973
2457,0.044053,0.013943
2458,0.044009,0.013911
2459,0.043968,0.013879
2460,0.04393,0.013846
2461,0.043895,0.013812
2462,0.043862,0.013777
2463,0.043832,0.013741
2464,0.043802,0.013705
2465,0.043773,0.013668
2466,0.043744,0.01363
2467,0.043714,0.013591
2468,0.043683,0.013552
2469,0.043651,0.013512
2470,0.043616,0.013471
2471,0.043577,0.013429
2472,0.043536,0.013387
2473,0.04349,0.013344
2474,0.043439,0.0133
2475,0.043383,0.013256
2476,0.043321,0.013211
2477,0.043252,0.013165
2478,0.043176,0.013119
2479,0.043092,0.013072
2480,0.043,0.013025
2481,0.042899,0.012977
2482,0.04279,0.012929
2483,0.042673,0.01288
2484,0.042551,0.012831
2485,0.042422,0.012781
2486,0.042288,0.012731
2487,0.042151,0.012681
2488,0.04201,0.01263
2489,0.041867,0.012579
2490,0.041723,0.012527
2491,0.041578,0.012475
2492,0.041433,0.012423
2493,0.041289,0.01237
2494,0.041147,0.012318
2495,0.041008,0.012265
2496,0.040872,0.012211
2497,0.04074,0.012158
2498,0.040614,0.012104
2499,0.040494,0.01205
2500,0.04038,0.011996
2501,0.040274,0.011942
2502,0.040175,0.011887
2503,0.040083,0.011833
2504,0.039997,0.011778
2505,0.039917,0.011723
2506,0.039842,0.011668
2507,0.039772,0.011613
2508,0.039706,0.011558
2509,0.039644,0.011503
2510,0.039585,0.011447